Variance: 841.6666666666666
Variance: 841.6666666666666
Variance: 78889.0808080808
